{
 "cells": [
  {
   "cell_type": "code",
   "execution_count": 1,
   "id": "c121d5d2",
   "metadata": {},
   "outputs": [],
   "source": [
    "import pandas as pd"
   ]
  },
  {
   "cell_type": "code",
   "execution_count": 2,
   "id": "9aa0812c",
   "metadata": {},
   "outputs": [],
   "source": [
    "df3 = pd.read_csv(r'D:\\CDS CvR sizing2.csv')"
   ]
  },
  {
   "cell_type": "code",
   "execution_count": 3,
   "id": "732ac1e6",
   "metadata": {},
   "outputs": [
    {
     "data": {
      "text/html": [
       "<div>\n",
       "<style scoped>\n",
       "    .dataframe tbody tr th:only-of-type {\n",
       "        vertical-align: middle;\n",
       "    }\n",
       "\n",
       "    .dataframe tbody tr th {\n",
       "        vertical-align: top;\n",
       "    }\n",
       "\n",
       "    .dataframe thead th {\n",
       "        text-align: right;\n",
       "    }\n",
       "</style>\n",
       "<table border=\"1\" class=\"dataframe\">\n",
       "  <thead>\n",
       "    <tr style=\"text-align: right;\">\n",
       "      <th></th>\n",
       "      <th>date</th>\n",
       "      <th>mv</th>\n",
       "      <th>aov</th>\n",
       "      <th>session</th>\n",
       "      <th>cvr</th>\n",
       "    </tr>\n",
       "  </thead>\n",
       "  <tbody>\n",
       "    <tr>\n",
       "      <th>0</th>\n",
       "      <td>1-Jan-22</td>\n",
       "      <td>18648340</td>\n",
       "      <td>3225.24</td>\n",
       "      <td>585670</td>\n",
       "      <td>0.99%</td>\n",
       "    </tr>\n",
       "    <tr>\n",
       "      <th>1</th>\n",
       "      <td>2-Jan-22</td>\n",
       "      <td>20839549</td>\n",
       "      <td>2941.36</td>\n",
       "      <td>607202</td>\n",
       "      <td>1.17%</td>\n",
       "    </tr>\n",
       "    <tr>\n",
       "      <th>2</th>\n",
       "      <td>3-Jan-22</td>\n",
       "      <td>23494702</td>\n",
       "      <td>2834.10</td>\n",
       "      <td>650833</td>\n",
       "      <td>1.27%</td>\n",
       "    </tr>\n",
       "    <tr>\n",
       "      <th>3</th>\n",
       "      <td>4-Jan-22</td>\n",
       "      <td>25741442</td>\n",
       "      <td>2739.33</td>\n",
       "      <td>725987</td>\n",
       "      <td>1.29%</td>\n",
       "    </tr>\n",
       "    <tr>\n",
       "      <th>4</th>\n",
       "      <td>5-Jan-22</td>\n",
       "      <td>22951120</td>\n",
       "      <td>2768.53</td>\n",
       "      <td>723351</td>\n",
       "      <td>1.15%</td>\n",
       "    </tr>\n",
       "    <tr>\n",
       "      <th>...</th>\n",
       "      <td>...</td>\n",
       "      <td>...</td>\n",
       "      <td>...</td>\n",
       "      <td>...</td>\n",
       "      <td>...</td>\n",
       "    </tr>\n",
       "    <tr>\n",
       "      <th>228</th>\n",
       "      <td>17-Aug-22</td>\n",
       "      <td>19028335</td>\n",
       "      <td>2839.20</td>\n",
       "      <td>658954</td>\n",
       "      <td>1.02%</td>\n",
       "    </tr>\n",
       "    <tr>\n",
       "      <th>229</th>\n",
       "      <td>18-Aug-22</td>\n",
       "      <td>17428580</td>\n",
       "      <td>2745.96</td>\n",
       "      <td>629283</td>\n",
       "      <td>1.01%</td>\n",
       "    </tr>\n",
       "    <tr>\n",
       "      <th>230</th>\n",
       "      <td>19-Aug-22</td>\n",
       "      <td>22147709</td>\n",
       "      <td>3611.24</td>\n",
       "      <td>647827</td>\n",
       "      <td>0.95%</td>\n",
       "    </tr>\n",
       "    <tr>\n",
       "      <th>231</th>\n",
       "      <td>20-Aug-22</td>\n",
       "      <td>17342724</td>\n",
       "      <td>2976.78</td>\n",
       "      <td>576908</td>\n",
       "      <td>1.01%</td>\n",
       "    </tr>\n",
       "    <tr>\n",
       "      <th>232</th>\n",
       "      <td>21-Aug-22</td>\n",
       "      <td>16972891</td>\n",
       "      <td>2969.88</td>\n",
       "      <td>552351</td>\n",
       "      <td>1.03%</td>\n",
       "    </tr>\n",
       "  </tbody>\n",
       "</table>\n",
       "<p>233 rows × 5 columns</p>\n",
       "</div>"
      ],
      "text/plain": [
       "          date        mv      aov  session    cvr\n",
       "0     1-Jan-22  18648340  3225.24   585670  0.99%\n",
       "1     2-Jan-22  20839549  2941.36   607202  1.17%\n",
       "2     3-Jan-22  23494702  2834.10   650833  1.27%\n",
       "3     4-Jan-22  25741442  2739.33   725987  1.29%\n",
       "4     5-Jan-22  22951120  2768.53   723351  1.15%\n",
       "..         ...       ...      ...      ...    ...\n",
       "228  17-Aug-22  19028335  2839.20   658954  1.02%\n",
       "229  18-Aug-22  17428580  2745.96   629283  1.01%\n",
       "230  19-Aug-22  22147709  3611.24   647827  0.95%\n",
       "231  20-Aug-22  17342724  2976.78   576908  1.01%\n",
       "232  21-Aug-22  16972891  2969.88   552351  1.03%\n",
       "\n",
       "[233 rows x 5 columns]"
      ]
     },
     "execution_count": 3,
     "metadata": {},
     "output_type": "execute_result"
    }
   ],
   "source": [
    "df3"
   ]
  },
  {
   "cell_type": "code",
   "execution_count": 4,
   "id": "65fc8399",
   "metadata": {},
   "outputs": [
    {
     "data": {
      "text/plain": [
       "date        object\n",
       "mv           int64\n",
       "aov        float64\n",
       "session      int64\n",
       "cvr         object\n",
       "dtype: object"
      ]
     },
     "execution_count": 4,
     "metadata": {},
     "output_type": "execute_result"
    }
   ],
   "source": [
    "df3.dtypes"
   ]
  },
  {
   "cell_type": "code",
   "execution_count": 5,
   "id": "3d61aef8",
   "metadata": {},
   "outputs": [],
   "source": [
    "df3['date'] = pd.to_datetime(df3['date'])"
   ]
  },
  {
   "cell_type": "code",
   "execution_count": 6,
   "id": "ba29bc9b",
   "metadata": {},
   "outputs": [
    {
     "data": {
      "text/plain": [
       "date       datetime64[ns]\n",
       "mv                  int64\n",
       "aov               float64\n",
       "session             int64\n",
       "cvr                object\n",
       "dtype: object"
      ]
     },
     "execution_count": 6,
     "metadata": {},
     "output_type": "execute_result"
    }
   ],
   "source": [
    "df3.dtypes"
   ]
  },
  {
   "cell_type": "code",
   "execution_count": 7,
   "id": "426a07ae",
   "metadata": {},
   "outputs": [],
   "source": [
    "df3['month'] = df3.date.dt.month"
   ]
  },
  {
   "cell_type": "code",
   "execution_count": 8,
   "id": "f346933a",
   "metadata": {},
   "outputs": [
    {
     "data": {
      "text/html": [
       "<div>\n",
       "<style scoped>\n",
       "    .dataframe tbody tr th:only-of-type {\n",
       "        vertical-align: middle;\n",
       "    }\n",
       "\n",
       "    .dataframe tbody tr th {\n",
       "        vertical-align: top;\n",
       "    }\n",
       "\n",
       "    .dataframe thead th {\n",
       "        text-align: right;\n",
       "    }\n",
       "</style>\n",
       "<table border=\"1\" class=\"dataframe\">\n",
       "  <thead>\n",
       "    <tr style=\"text-align: right;\">\n",
       "      <th></th>\n",
       "      <th>date</th>\n",
       "      <th>mv</th>\n",
       "      <th>aov</th>\n",
       "      <th>session</th>\n",
       "      <th>cvr</th>\n",
       "      <th>month</th>\n",
       "    </tr>\n",
       "  </thead>\n",
       "  <tbody>\n",
       "    <tr>\n",
       "      <th>0</th>\n",
       "      <td>2022-01-01</td>\n",
       "      <td>18648340</td>\n",
       "      <td>3225.24</td>\n",
       "      <td>585670</td>\n",
       "      <td>0.99%</td>\n",
       "      <td>1</td>\n",
       "    </tr>\n",
       "    <tr>\n",
       "      <th>1</th>\n",
       "      <td>2022-01-02</td>\n",
       "      <td>20839549</td>\n",
       "      <td>2941.36</td>\n",
       "      <td>607202</td>\n",
       "      <td>1.17%</td>\n",
       "      <td>1</td>\n",
       "    </tr>\n",
       "    <tr>\n",
       "      <th>2</th>\n",
       "      <td>2022-01-03</td>\n",
       "      <td>23494702</td>\n",
       "      <td>2834.10</td>\n",
       "      <td>650833</td>\n",
       "      <td>1.27%</td>\n",
       "      <td>1</td>\n",
       "    </tr>\n",
       "    <tr>\n",
       "      <th>3</th>\n",
       "      <td>2022-01-04</td>\n",
       "      <td>25741442</td>\n",
       "      <td>2739.33</td>\n",
       "      <td>725987</td>\n",
       "      <td>1.29%</td>\n",
       "      <td>1</td>\n",
       "    </tr>\n",
       "    <tr>\n",
       "      <th>4</th>\n",
       "      <td>2022-01-05</td>\n",
       "      <td>22951120</td>\n",
       "      <td>2768.53</td>\n",
       "      <td>723351</td>\n",
       "      <td>1.15%</td>\n",
       "      <td>1</td>\n",
       "    </tr>\n",
       "    <tr>\n",
       "      <th>...</th>\n",
       "      <td>...</td>\n",
       "      <td>...</td>\n",
       "      <td>...</td>\n",
       "      <td>...</td>\n",
       "      <td>...</td>\n",
       "      <td>...</td>\n",
       "    </tr>\n",
       "    <tr>\n",
       "      <th>228</th>\n",
       "      <td>2022-08-17</td>\n",
       "      <td>19028335</td>\n",
       "      <td>2839.20</td>\n",
       "      <td>658954</td>\n",
       "      <td>1.02%</td>\n",
       "      <td>8</td>\n",
       "    </tr>\n",
       "    <tr>\n",
       "      <th>229</th>\n",
       "      <td>2022-08-18</td>\n",
       "      <td>17428580</td>\n",
       "      <td>2745.96</td>\n",
       "      <td>629283</td>\n",
       "      <td>1.01%</td>\n",
       "      <td>8</td>\n",
       "    </tr>\n",
       "    <tr>\n",
       "      <th>230</th>\n",
       "      <td>2022-08-19</td>\n",
       "      <td>22147709</td>\n",
       "      <td>3611.24</td>\n",
       "      <td>647827</td>\n",
       "      <td>0.95%</td>\n",
       "      <td>8</td>\n",
       "    </tr>\n",
       "    <tr>\n",
       "      <th>231</th>\n",
       "      <td>2022-08-20</td>\n",
       "      <td>17342724</td>\n",
       "      <td>2976.78</td>\n",
       "      <td>576908</td>\n",
       "      <td>1.01%</td>\n",
       "      <td>8</td>\n",
       "    </tr>\n",
       "    <tr>\n",
       "      <th>232</th>\n",
       "      <td>2022-08-21</td>\n",
       "      <td>16972891</td>\n",
       "      <td>2969.88</td>\n",
       "      <td>552351</td>\n",
       "      <td>1.03%</td>\n",
       "      <td>8</td>\n",
       "    </tr>\n",
       "  </tbody>\n",
       "</table>\n",
       "<p>233 rows × 6 columns</p>\n",
       "</div>"
      ],
      "text/plain": [
       "          date        mv      aov  session    cvr  month\n",
       "0   2022-01-01  18648340  3225.24   585670  0.99%      1\n",
       "1   2022-01-02  20839549  2941.36   607202  1.17%      1\n",
       "2   2022-01-03  23494702  2834.10   650833  1.27%      1\n",
       "3   2022-01-04  25741442  2739.33   725987  1.29%      1\n",
       "4   2022-01-05  22951120  2768.53   723351  1.15%      1\n",
       "..         ...       ...      ...      ...    ...    ...\n",
       "228 2022-08-17  19028335  2839.20   658954  1.02%      8\n",
       "229 2022-08-18  17428580  2745.96   629283  1.01%      8\n",
       "230 2022-08-19  22147709  3611.24   647827  0.95%      8\n",
       "231 2022-08-20  17342724  2976.78   576908  1.01%      8\n",
       "232 2022-08-21  16972891  2969.88   552351  1.03%      8\n",
       "\n",
       "[233 rows x 6 columns]"
      ]
     },
     "execution_count": 8,
     "metadata": {},
     "output_type": "execute_result"
    }
   ],
   "source": [
    "df3"
   ]
  },
  {
   "cell_type": "code",
   "execution_count": 9,
   "id": "903fcf51",
   "metadata": {},
   "outputs": [
    {
     "data": {
      "text/html": [
       "<div>\n",
       "<style scoped>\n",
       "    .dataframe tbody tr th:only-of-type {\n",
       "        vertical-align: middle;\n",
       "    }\n",
       "\n",
       "    .dataframe tbody tr th {\n",
       "        vertical-align: top;\n",
       "    }\n",
       "\n",
       "    .dataframe thead th {\n",
       "        text-align: right;\n",
       "    }\n",
       "</style>\n",
       "<table border=\"1\" class=\"dataframe\">\n",
       "  <thead>\n",
       "    <tr style=\"text-align: right;\">\n",
       "      <th></th>\n",
       "      <th>sum</th>\n",
       "    </tr>\n",
       "    <tr>\n",
       "      <th>month</th>\n",
       "      <th></th>\n",
       "    </tr>\n",
       "  </thead>\n",
       "  <tbody>\n",
       "    <tr>\n",
       "      <th>1</th>\n",
       "      <td>736193322</td>\n",
       "    </tr>\n",
       "    <tr>\n",
       "      <th>2</th>\n",
       "      <td>638853799</td>\n",
       "    </tr>\n",
       "    <tr>\n",
       "      <th>3</th>\n",
       "      <td>712420002</td>\n",
       "    </tr>\n",
       "    <tr>\n",
       "      <th>4</th>\n",
       "      <td>670007638</td>\n",
       "    </tr>\n",
       "    <tr>\n",
       "      <th>5</th>\n",
       "      <td>732725649</td>\n",
       "    </tr>\n",
       "    <tr>\n",
       "      <th>6</th>\n",
       "      <td>660350342</td>\n",
       "    </tr>\n",
       "    <tr>\n",
       "      <th>7</th>\n",
       "      <td>673658069</td>\n",
       "    </tr>\n",
       "    <tr>\n",
       "      <th>8</th>\n",
       "      <td>476981249</td>\n",
       "    </tr>\n",
       "  </tbody>\n",
       "</table>\n",
       "</div>"
      ],
      "text/plain": [
       "             sum\n",
       "month           \n",
       "1      736193322\n",
       "2      638853799\n",
       "3      712420002\n",
       "4      670007638\n",
       "5      732725649\n",
       "6      660350342\n",
       "7      673658069\n",
       "8      476981249"
      ]
     },
     "execution_count": 9,
     "metadata": {},
     "output_type": "execute_result"
    }
   ],
   "source": [
    "df3.groupby('month')['mv'].agg(['sum'])"
   ]
  },
  {
   "cell_type": "code",
   "execution_count": 10,
   "id": "845ead42",
   "metadata": {},
   "outputs": [
    {
     "data": {
      "text/html": [
       "<div>\n",
       "<style scoped>\n",
       "    .dataframe tbody tr th:only-of-type {\n",
       "        vertical-align: middle;\n",
       "    }\n",
       "\n",
       "    .dataframe tbody tr th {\n",
       "        vertical-align: top;\n",
       "    }\n",
       "\n",
       "    .dataframe thead th {\n",
       "        text-align: right;\n",
       "    }\n",
       "</style>\n",
       "<table border=\"1\" class=\"dataframe\">\n",
       "  <thead>\n",
       "    <tr style=\"text-align: right;\">\n",
       "      <th></th>\n",
       "      <th>sum</th>\n",
       "      <th>mean</th>\n",
       "      <th>std</th>\n",
       "    </tr>\n",
       "    <tr>\n",
       "      <th>month</th>\n",
       "      <th></th>\n",
       "      <th></th>\n",
       "      <th></th>\n",
       "    </tr>\n",
       "  </thead>\n",
       "  <tbody>\n",
       "    <tr>\n",
       "      <th>8</th>\n",
       "      <td>476981249</td>\n",
       "      <td>2.271339e+07</td>\n",
       "      <td>1.192159e+07</td>\n",
       "    </tr>\n",
       "    <tr>\n",
       "      <th>2</th>\n",
       "      <td>638853799</td>\n",
       "      <td>2.281621e+07</td>\n",
       "      <td>4.931205e+06</td>\n",
       "    </tr>\n",
       "    <tr>\n",
       "      <th>6</th>\n",
       "      <td>660350342</td>\n",
       "      <td>2.201168e+07</td>\n",
       "      <td>9.280530e+06</td>\n",
       "    </tr>\n",
       "    <tr>\n",
       "      <th>4</th>\n",
       "      <td>670007638</td>\n",
       "      <td>2.233359e+07</td>\n",
       "      <td>6.968253e+06</td>\n",
       "    </tr>\n",
       "    <tr>\n",
       "      <th>7</th>\n",
       "      <td>673658069</td>\n",
       "      <td>2.173091e+07</td>\n",
       "      <td>8.814940e+06</td>\n",
       "    </tr>\n",
       "    <tr>\n",
       "      <th>3</th>\n",
       "      <td>712420002</td>\n",
       "      <td>2.298129e+07</td>\n",
       "      <td>7.240373e+06</td>\n",
       "    </tr>\n",
       "    <tr>\n",
       "      <th>5</th>\n",
       "      <td>732725649</td>\n",
       "      <td>2.363631e+07</td>\n",
       "      <td>8.547646e+06</td>\n",
       "    </tr>\n",
       "    <tr>\n",
       "      <th>1</th>\n",
       "      <td>736193322</td>\n",
       "      <td>2.374817e+07</td>\n",
       "      <td>2.415202e+06</td>\n",
       "    </tr>\n",
       "  </tbody>\n",
       "</table>\n",
       "</div>"
      ],
      "text/plain": [
       "             sum          mean           std\n",
       "month                                       \n",
       "8      476981249  2.271339e+07  1.192159e+07\n",
       "2      638853799  2.281621e+07  4.931205e+06\n",
       "6      660350342  2.201168e+07  9.280530e+06\n",
       "4      670007638  2.233359e+07  6.968253e+06\n",
       "7      673658069  2.173091e+07  8.814940e+06\n",
       "3      712420002  2.298129e+07  7.240373e+06\n",
       "5      732725649  2.363631e+07  8.547646e+06\n",
       "1      736193322  2.374817e+07  2.415202e+06"
      ]
     },
     "execution_count": 10,
     "metadata": {},
     "output_type": "execute_result"
    }
   ],
   "source": [
    "#3 output\n",
    "df3.groupby('month')['mv'].agg(['sum', 'mean', 'std']).sort_values('sum')"
   ]
  },
  {
   "cell_type": "code",
   "execution_count": 11,
   "id": "114892a0",
   "metadata": {},
   "outputs": [
    {
     "data": {
      "text/html": [
       "<div>\n",
       "<style scoped>\n",
       "    .dataframe tbody tr th:only-of-type {\n",
       "        vertical-align: middle;\n",
       "    }\n",
       "\n",
       "    .dataframe tbody tr th {\n",
       "        vertical-align: top;\n",
       "    }\n",
       "\n",
       "    .dataframe thead th {\n",
       "        text-align: right;\n",
       "    }\n",
       "</style>\n",
       "<table border=\"1\" class=\"dataframe\">\n",
       "  <thead>\n",
       "    <tr style=\"text-align: right;\">\n",
       "      <th></th>\n",
       "      <th>sum</th>\n",
       "      <th>mean</th>\n",
       "      <th>std</th>\n",
       "    </tr>\n",
       "    <tr>\n",
       "      <th>month</th>\n",
       "      <th></th>\n",
       "      <th></th>\n",
       "      <th></th>\n",
       "    </tr>\n",
       "  </thead>\n",
       "  <tbody>\n",
       "    <tr>\n",
       "      <th>8</th>\n",
       "      <td>476981249</td>\n",
       "      <td>2.271339e+07</td>\n",
       "      <td>1.192159e+07</td>\n",
       "    </tr>\n",
       "    <tr>\n",
       "      <th>2</th>\n",
       "      <td>638853799</td>\n",
       "      <td>2.281621e+07</td>\n",
       "      <td>4.931205e+06</td>\n",
       "    </tr>\n",
       "    <tr>\n",
       "      <th>6</th>\n",
       "      <td>660350342</td>\n",
       "      <td>2.201168e+07</td>\n",
       "      <td>9.280530e+06</td>\n",
       "    </tr>\n",
       "    <tr>\n",
       "      <th>4</th>\n",
       "      <td>670007638</td>\n",
       "      <td>2.233359e+07</td>\n",
       "      <td>6.968253e+06</td>\n",
       "    </tr>\n",
       "    <tr>\n",
       "      <th>7</th>\n",
       "      <td>673658069</td>\n",
       "      <td>2.173091e+07</td>\n",
       "      <td>8.814940e+06</td>\n",
       "    </tr>\n",
       "    <tr>\n",
       "      <th>3</th>\n",
       "      <td>712420002</td>\n",
       "      <td>2.298129e+07</td>\n",
       "      <td>7.240373e+06</td>\n",
       "    </tr>\n",
       "    <tr>\n",
       "      <th>5</th>\n",
       "      <td>732725649</td>\n",
       "      <td>2.363631e+07</td>\n",
       "      <td>8.547646e+06</td>\n",
       "    </tr>\n",
       "    <tr>\n",
       "      <th>1</th>\n",
       "      <td>736193322</td>\n",
       "      <td>2.374817e+07</td>\n",
       "      <td>2.415202e+06</td>\n",
       "    </tr>\n",
       "  </tbody>\n",
       "</table>\n",
       "</div>"
      ],
      "text/plain": [
       "             sum          mean           std\n",
       "month                                       \n",
       "8      476981249  2.271339e+07  1.192159e+07\n",
       "2      638853799  2.281621e+07  4.931205e+06\n",
       "6      660350342  2.201168e+07  9.280530e+06\n",
       "4      670007638  2.233359e+07  6.968253e+06\n",
       "7      673658069  2.173091e+07  8.814940e+06\n",
       "3      712420002  2.298129e+07  7.240373e+06\n",
       "5      732725649  2.363631e+07  8.547646e+06\n",
       "1      736193322  2.374817e+07  2.415202e+06"
      ]
     },
     "execution_count": 11,
     "metadata": {},
     "output_type": "execute_result"
    }
   ],
   "source": [
    "#Write in Chaining method\n",
    "(df3\n",
    " .groupby('month')['mv']\n",
    " .agg(['sum', 'mean', 'std'])\n",
    " .sort_values('sum')\n",
    ")"
   ]
  },
  {
   "cell_type": "code",
   "execution_count": 12,
   "id": "4f7126b3",
   "metadata": {},
   "outputs": [
    {
     "data": {
      "text/html": [
       "<div>\n",
       "<style scoped>\n",
       "    .dataframe tbody tr th:only-of-type {\n",
       "        vertical-align: middle;\n",
       "    }\n",
       "\n",
       "    .dataframe tbody tr th {\n",
       "        vertical-align: top;\n",
       "    }\n",
       "\n",
       "    .dataframe thead th {\n",
       "        text-align: right;\n",
       "    }\n",
       "</style>\n",
       "<table border=\"1\" class=\"dataframe\">\n",
       "  <thead>\n",
       "    <tr style=\"text-align: right;\">\n",
       "      <th></th>\n",
       "      <th>sum</th>\n",
       "      <th>mean</th>\n",
       "      <th>std</th>\n",
       "    </tr>\n",
       "    <tr>\n",
       "      <th>month</th>\n",
       "      <th></th>\n",
       "      <th></th>\n",
       "      <th></th>\n",
       "    </tr>\n",
       "  </thead>\n",
       "  <tbody>\n",
       "    <tr>\n",
       "      <th>1</th>\n",
       "      <td>736193322</td>\n",
       "      <td>2.374817e+07</td>\n",
       "      <td>2.415202e+06</td>\n",
       "    </tr>\n",
       "    <tr>\n",
       "      <th>5</th>\n",
       "      <td>732725649</td>\n",
       "      <td>2.363631e+07</td>\n",
       "      <td>8.547646e+06</td>\n",
       "    </tr>\n",
       "    <tr>\n",
       "      <th>3</th>\n",
       "      <td>712420002</td>\n",
       "      <td>2.298129e+07</td>\n",
       "      <td>7.240373e+06</td>\n",
       "    </tr>\n",
       "    <tr>\n",
       "      <th>7</th>\n",
       "      <td>673658069</td>\n",
       "      <td>2.173091e+07</td>\n",
       "      <td>8.814940e+06</td>\n",
       "    </tr>\n",
       "    <tr>\n",
       "      <th>4</th>\n",
       "      <td>670007638</td>\n",
       "      <td>2.233359e+07</td>\n",
       "      <td>6.968253e+06</td>\n",
       "    </tr>\n",
       "    <tr>\n",
       "      <th>6</th>\n",
       "      <td>660350342</td>\n",
       "      <td>2.201168e+07</td>\n",
       "      <td>9.280530e+06</td>\n",
       "    </tr>\n",
       "    <tr>\n",
       "      <th>2</th>\n",
       "      <td>638853799</td>\n",
       "      <td>2.281621e+07</td>\n",
       "      <td>4.931205e+06</td>\n",
       "    </tr>\n",
       "    <tr>\n",
       "      <th>8</th>\n",
       "      <td>476981249</td>\n",
       "      <td>2.271339e+07</td>\n",
       "      <td>1.192159e+07</td>\n",
       "    </tr>\n",
       "  </tbody>\n",
       "</table>\n",
       "</div>"
      ],
      "text/plain": [
       "             sum          mean           std\n",
       "month                                       \n",
       "1      736193322  2.374817e+07  2.415202e+06\n",
       "5      732725649  2.363631e+07  8.547646e+06\n",
       "3      712420002  2.298129e+07  7.240373e+06\n",
       "7      673658069  2.173091e+07  8.814940e+06\n",
       "4      670007638  2.233359e+07  6.968253e+06\n",
       "6      660350342  2.201168e+07  9.280530e+06\n",
       "2      638853799  2.281621e+07  4.931205e+06\n",
       "8      476981249  2.271339e+07  1.192159e+07"
      ]
     },
     "execution_count": 12,
     "metadata": {},
     "output_type": "execute_result"
    }
   ],
   "source": [
    "#sort by descending\n",
    "(df3\n",
    " .groupby('month')['mv']\n",
    " .agg(['sum', 'mean', 'std'])\n",
    " .sort_values('sum', ascending = False)\n",
    ")"
   ]
  },
  {
   "cell_type": "code",
   "execution_count": 13,
   "id": "fae7c666",
   "metadata": {},
   "outputs": [],
   "source": [
    "df_pivot = (df3\n",
    " .groupby('month')['mv']\n",
    " .agg(['sum', 'mean', 'std'])\n",
    " .sort_values('sum', ascending = False)\n",
    ")"
   ]
  },
  {
   "cell_type": "code",
   "execution_count": 14,
   "id": "50d3d056",
   "metadata": {},
   "outputs": [
    {
     "data": {
      "text/html": [
       "<div>\n",
       "<style scoped>\n",
       "    .dataframe tbody tr th:only-of-type {\n",
       "        vertical-align: middle;\n",
       "    }\n",
       "\n",
       "    .dataframe tbody tr th {\n",
       "        vertical-align: top;\n",
       "    }\n",
       "\n",
       "    .dataframe thead th {\n",
       "        text-align: right;\n",
       "    }\n",
       "</style>\n",
       "<table border=\"1\" class=\"dataframe\">\n",
       "  <thead>\n",
       "    <tr style=\"text-align: right;\">\n",
       "      <th></th>\n",
       "      <th>sum</th>\n",
       "      <th>mean</th>\n",
       "      <th>std</th>\n",
       "    </tr>\n",
       "    <tr>\n",
       "      <th>month</th>\n",
       "      <th></th>\n",
       "      <th></th>\n",
       "      <th></th>\n",
       "    </tr>\n",
       "  </thead>\n",
       "  <tbody>\n",
       "    <tr>\n",
       "      <th>1</th>\n",
       "      <td>736193322</td>\n",
       "      <td>2.374817e+07</td>\n",
       "      <td>2.415202e+06</td>\n",
       "    </tr>\n",
       "    <tr>\n",
       "      <th>5</th>\n",
       "      <td>732725649</td>\n",
       "      <td>2.363631e+07</td>\n",
       "      <td>8.547646e+06</td>\n",
       "    </tr>\n",
       "    <tr>\n",
       "      <th>3</th>\n",
       "      <td>712420002</td>\n",
       "      <td>2.298129e+07</td>\n",
       "      <td>7.240373e+06</td>\n",
       "    </tr>\n",
       "    <tr>\n",
       "      <th>7</th>\n",
       "      <td>673658069</td>\n",
       "      <td>2.173091e+07</td>\n",
       "      <td>8.814940e+06</td>\n",
       "    </tr>\n",
       "    <tr>\n",
       "      <th>4</th>\n",
       "      <td>670007638</td>\n",
       "      <td>2.233359e+07</td>\n",
       "      <td>6.968253e+06</td>\n",
       "    </tr>\n",
       "    <tr>\n",
       "      <th>6</th>\n",
       "      <td>660350342</td>\n",
       "      <td>2.201168e+07</td>\n",
       "      <td>9.280530e+06</td>\n",
       "    </tr>\n",
       "    <tr>\n",
       "      <th>2</th>\n",
       "      <td>638853799</td>\n",
       "      <td>2.281621e+07</td>\n",
       "      <td>4.931205e+06</td>\n",
       "    </tr>\n",
       "    <tr>\n",
       "      <th>8</th>\n",
       "      <td>476981249</td>\n",
       "      <td>2.271339e+07</td>\n",
       "      <td>1.192159e+07</td>\n",
       "    </tr>\n",
       "  </tbody>\n",
       "</table>\n",
       "</div>"
      ],
      "text/plain": [
       "             sum          mean           std\n",
       "month                                       \n",
       "1      736193322  2.374817e+07  2.415202e+06\n",
       "5      732725649  2.363631e+07  8.547646e+06\n",
       "3      712420002  2.298129e+07  7.240373e+06\n",
       "7      673658069  2.173091e+07  8.814940e+06\n",
       "4      670007638  2.233359e+07  6.968253e+06\n",
       "6      660350342  2.201168e+07  9.280530e+06\n",
       "2      638853799  2.281621e+07  4.931205e+06\n",
       "8      476981249  2.271339e+07  1.192159e+07"
      ]
     },
     "execution_count": 14,
     "metadata": {},
     "output_type": "execute_result"
    }
   ],
   "source": [
    "df_pivot"
   ]
  },
  {
   "cell_type": "code",
   "execution_count": 15,
   "id": "d3ec9454",
   "metadata": {},
   "outputs": [
    {
     "data": {
      "text/html": [
       "<div>\n",
       "<style scoped>\n",
       "    .dataframe tbody tr th:only-of-type {\n",
       "        vertical-align: middle;\n",
       "    }\n",
       "\n",
       "    .dataframe tbody tr th {\n",
       "        vertical-align: top;\n",
       "    }\n",
       "\n",
       "    .dataframe thead th {\n",
       "        text-align: right;\n",
       "    }\n",
       "</style>\n",
       "<table border=\"1\" class=\"dataframe\">\n",
       "  <thead>\n",
       "    <tr style=\"text-align: right;\">\n",
       "      <th></th>\n",
       "      <th>sum</th>\n",
       "      <th>mean</th>\n",
       "      <th>std</th>\n",
       "    </tr>\n",
       "    <tr>\n",
       "      <th>month</th>\n",
       "      <th></th>\n",
       "      <th></th>\n",
       "      <th></th>\n",
       "    </tr>\n",
       "  </thead>\n",
       "  <tbody>\n",
       "    <tr>\n",
       "      <th>8</th>\n",
       "      <td>476981249</td>\n",
       "      <td>2.271339e+07</td>\n",
       "      <td>1.192159e+07</td>\n",
       "    </tr>\n",
       "    <tr>\n",
       "      <th>2</th>\n",
       "      <td>638853799</td>\n",
       "      <td>2.281621e+07</td>\n",
       "      <td>4.931205e+06</td>\n",
       "    </tr>\n",
       "    <tr>\n",
       "      <th>6</th>\n",
       "      <td>660350342</td>\n",
       "      <td>2.201168e+07</td>\n",
       "      <td>9.280530e+06</td>\n",
       "    </tr>\n",
       "    <tr>\n",
       "      <th>4</th>\n",
       "      <td>670007638</td>\n",
       "      <td>2.233359e+07</td>\n",
       "      <td>6.968253e+06</td>\n",
       "    </tr>\n",
       "    <tr>\n",
       "      <th>7</th>\n",
       "      <td>673658069</td>\n",
       "      <td>2.173091e+07</td>\n",
       "      <td>8.814940e+06</td>\n",
       "    </tr>\n",
       "    <tr>\n",
       "      <th>3</th>\n",
       "      <td>712420002</td>\n",
       "      <td>2.298129e+07</td>\n",
       "      <td>7.240373e+06</td>\n",
       "    </tr>\n",
       "    <tr>\n",
       "      <th>5</th>\n",
       "      <td>732725649</td>\n",
       "      <td>2.363631e+07</td>\n",
       "      <td>8.547646e+06</td>\n",
       "    </tr>\n",
       "    <tr>\n",
       "      <th>1</th>\n",
       "      <td>736193322</td>\n",
       "      <td>2.374817e+07</td>\n",
       "      <td>2.415202e+06</td>\n",
       "    </tr>\n",
       "  </tbody>\n",
       "</table>\n",
       "</div>"
      ],
      "text/plain": [
       "             sum          mean           std\n",
       "month                                       \n",
       "8      476981249  2.271339e+07  1.192159e+07\n",
       "2      638853799  2.281621e+07  4.931205e+06\n",
       "6      660350342  2.201168e+07  9.280530e+06\n",
       "4      670007638  2.233359e+07  6.968253e+06\n",
       "7      673658069  2.173091e+07  8.814940e+06\n",
       "3      712420002  2.298129e+07  7.240373e+06\n",
       "5      732725649  2.363631e+07  8.547646e+06\n",
       "1      736193322  2.374817e+07  2.415202e+06"
      ]
     },
     "execution_count": 15,
     "metadata": {},
     "output_type": "execute_result"
    }
   ],
   "source": [
    "#sort 2 columns at the same time\n",
    "#just turn inside () of sort_values into list [ ]\n",
    "(df3\n",
    " .groupby('month')['mv']\n",
    " .agg(['sum', 'mean', 'std'])\n",
    " .sort_values(['sum', 'mean'])\n",
    ")"
   ]
  },
  {
   "cell_type": "code",
   "execution_count": 16,
   "id": "c5d2fd08",
   "metadata": {},
   "outputs": [
    {
     "data": {
      "text/html": [
       "<div>\n",
       "<style scoped>\n",
       "    .dataframe tbody tr th:only-of-type {\n",
       "        vertical-align: middle;\n",
       "    }\n",
       "\n",
       "    .dataframe tbody tr th {\n",
       "        vertical-align: top;\n",
       "    }\n",
       "\n",
       "    .dataframe thead th {\n",
       "        text-align: right;\n",
       "    }\n",
       "</style>\n",
       "<table border=\"1\" class=\"dataframe\">\n",
       "  <thead>\n",
       "    <tr style=\"text-align: right;\">\n",
       "      <th></th>\n",
       "      <th>sum</th>\n",
       "      <th>mean</th>\n",
       "      <th>std</th>\n",
       "    </tr>\n",
       "    <tr>\n",
       "      <th>month</th>\n",
       "      <th></th>\n",
       "      <th></th>\n",
       "      <th></th>\n",
       "    </tr>\n",
       "  </thead>\n",
       "  <tbody>\n",
       "    <tr>\n",
       "      <th>1</th>\n",
       "      <td>736193322</td>\n",
       "      <td>2.374817e+07</td>\n",
       "      <td>2.415202e+06</td>\n",
       "    </tr>\n",
       "    <tr>\n",
       "      <th>5</th>\n",
       "      <td>732725649</td>\n",
       "      <td>2.363631e+07</td>\n",
       "      <td>8.547646e+06</td>\n",
       "    </tr>\n",
       "    <tr>\n",
       "      <th>3</th>\n",
       "      <td>712420002</td>\n",
       "      <td>2.298129e+07</td>\n",
       "      <td>7.240373e+06</td>\n",
       "    </tr>\n",
       "    <tr>\n",
       "      <th>7</th>\n",
       "      <td>673658069</td>\n",
       "      <td>2.173091e+07</td>\n",
       "      <td>8.814940e+06</td>\n",
       "    </tr>\n",
       "    <tr>\n",
       "      <th>4</th>\n",
       "      <td>670007638</td>\n",
       "      <td>2.233359e+07</td>\n",
       "      <td>6.968253e+06</td>\n",
       "    </tr>\n",
       "    <tr>\n",
       "      <th>6</th>\n",
       "      <td>660350342</td>\n",
       "      <td>2.201168e+07</td>\n",
       "      <td>9.280530e+06</td>\n",
       "    </tr>\n",
       "    <tr>\n",
       "      <th>2</th>\n",
       "      <td>638853799</td>\n",
       "      <td>2.281621e+07</td>\n",
       "      <td>4.931205e+06</td>\n",
       "    </tr>\n",
       "    <tr>\n",
       "      <th>8</th>\n",
       "      <td>476981249</td>\n",
       "      <td>2.271339e+07</td>\n",
       "      <td>1.192159e+07</td>\n",
       "    </tr>\n",
       "  </tbody>\n",
       "</table>\n",
       "</div>"
      ],
      "text/plain": [
       "             sum          mean           std\n",
       "month                                       \n",
       "1      736193322  2.374817e+07  2.415202e+06\n",
       "5      732725649  2.363631e+07  8.547646e+06\n",
       "3      712420002  2.298129e+07  7.240373e+06\n",
       "7      673658069  2.173091e+07  8.814940e+06\n",
       "4      670007638  2.233359e+07  6.968253e+06\n",
       "6      660350342  2.201168e+07  9.280530e+06\n",
       "2      638853799  2.281621e+07  4.931205e+06\n",
       "8      476981249  2.271339e+07  1.192159e+07"
      ]
     },
     "execution_count": 16,
     "metadata": {},
     "output_type": "execute_result"
    }
   ],
   "source": [
    "#sort2 columns at the same time, one ascending while one descending\n",
    "(df3\n",
    " .groupby('month')['mv']\n",
    " .agg(['sum', 'mean', 'std'])\n",
    " .sort_values(['sum', 'mean'], ascending = [False, True])\n",
    ")"
   ]
  },
  {
   "cell_type": "code",
   "execution_count": 17,
   "id": "4a2a8347",
   "metadata": {},
   "outputs": [],
   "source": [
    "#Facets\n",
    "import seaborn as sns\n",
    "from matplotlib import pyplot as plt"
   ]
  },
  {
   "cell_type": "code",
   "execution_count": 18,
   "id": "94789ffc",
   "metadata": {},
   "outputs": [],
   "source": [
    "#use penguin dataset from seaborn\n",
    "pg = sns.load_dataset('penguins')"
   ]
  },
  {
   "cell_type": "code",
   "execution_count": 19,
   "id": "167b7640",
   "metadata": {},
   "outputs": [
    {
     "data": {
      "text/html": [
       "<div>\n",
       "<style scoped>\n",
       "    .dataframe tbody tr th:only-of-type {\n",
       "        vertical-align: middle;\n",
       "    }\n",
       "\n",
       "    .dataframe tbody tr th {\n",
       "        vertical-align: top;\n",
       "    }\n",
       "\n",
       "    .dataframe thead th {\n",
       "        text-align: right;\n",
       "    }\n",
       "</style>\n",
       "<table border=\"1\" class=\"dataframe\">\n",
       "  <thead>\n",
       "    <tr style=\"text-align: right;\">\n",
       "      <th></th>\n",
       "      <th>species</th>\n",
       "      <th>island</th>\n",
       "      <th>bill_length_mm</th>\n",
       "      <th>bill_depth_mm</th>\n",
       "      <th>flipper_length_mm</th>\n",
       "      <th>body_mass_g</th>\n",
       "      <th>sex</th>\n",
       "    </tr>\n",
       "  </thead>\n",
       "  <tbody>\n",
       "    <tr>\n",
       "      <th>0</th>\n",
       "      <td>Adelie</td>\n",
       "      <td>Torgersen</td>\n",
       "      <td>39.1</td>\n",
       "      <td>18.7</td>\n",
       "      <td>181.0</td>\n",
       "      <td>3750.0</td>\n",
       "      <td>Male</td>\n",
       "    </tr>\n",
       "    <tr>\n",
       "      <th>1</th>\n",
       "      <td>Adelie</td>\n",
       "      <td>Torgersen</td>\n",
       "      <td>39.5</td>\n",
       "      <td>17.4</td>\n",
       "      <td>186.0</td>\n",
       "      <td>3800.0</td>\n",
       "      <td>Female</td>\n",
       "    </tr>\n",
       "    <tr>\n",
       "      <th>2</th>\n",
       "      <td>Adelie</td>\n",
       "      <td>Torgersen</td>\n",
       "      <td>40.3</td>\n",
       "      <td>18.0</td>\n",
       "      <td>195.0</td>\n",
       "      <td>3250.0</td>\n",
       "      <td>Female</td>\n",
       "    </tr>\n",
       "    <tr>\n",
       "      <th>3</th>\n",
       "      <td>Adelie</td>\n",
       "      <td>Torgersen</td>\n",
       "      <td>NaN</td>\n",
       "      <td>NaN</td>\n",
       "      <td>NaN</td>\n",
       "      <td>NaN</td>\n",
       "      <td>NaN</td>\n",
       "    </tr>\n",
       "    <tr>\n",
       "      <th>4</th>\n",
       "      <td>Adelie</td>\n",
       "      <td>Torgersen</td>\n",
       "      <td>36.7</td>\n",
       "      <td>19.3</td>\n",
       "      <td>193.0</td>\n",
       "      <td>3450.0</td>\n",
       "      <td>Female</td>\n",
       "    </tr>\n",
       "    <tr>\n",
       "      <th>...</th>\n",
       "      <td>...</td>\n",
       "      <td>...</td>\n",
       "      <td>...</td>\n",
       "      <td>...</td>\n",
       "      <td>...</td>\n",
       "      <td>...</td>\n",
       "      <td>...</td>\n",
       "    </tr>\n",
       "    <tr>\n",
       "      <th>339</th>\n",
       "      <td>Gentoo</td>\n",
       "      <td>Biscoe</td>\n",
       "      <td>NaN</td>\n",
       "      <td>NaN</td>\n",
       "      <td>NaN</td>\n",
       "      <td>NaN</td>\n",
       "      <td>NaN</td>\n",
       "    </tr>\n",
       "    <tr>\n",
       "      <th>340</th>\n",
       "      <td>Gentoo</td>\n",
       "      <td>Biscoe</td>\n",
       "      <td>46.8</td>\n",
       "      <td>14.3</td>\n",
       "      <td>215.0</td>\n",
       "      <td>4850.0</td>\n",
       "      <td>Female</td>\n",
       "    </tr>\n",
       "    <tr>\n",
       "      <th>341</th>\n",
       "      <td>Gentoo</td>\n",
       "      <td>Biscoe</td>\n",
       "      <td>50.4</td>\n",
       "      <td>15.7</td>\n",
       "      <td>222.0</td>\n",
       "      <td>5750.0</td>\n",
       "      <td>Male</td>\n",
       "    </tr>\n",
       "    <tr>\n",
       "      <th>342</th>\n",
       "      <td>Gentoo</td>\n",
       "      <td>Biscoe</td>\n",
       "      <td>45.2</td>\n",
       "      <td>14.8</td>\n",
       "      <td>212.0</td>\n",
       "      <td>5200.0</td>\n",
       "      <td>Female</td>\n",
       "    </tr>\n",
       "    <tr>\n",
       "      <th>343</th>\n",
       "      <td>Gentoo</td>\n",
       "      <td>Biscoe</td>\n",
       "      <td>49.9</td>\n",
       "      <td>16.1</td>\n",
       "      <td>213.0</td>\n",
       "      <td>5400.0</td>\n",
       "      <td>Male</td>\n",
